8.287903208955983425e-01
2.749750282973326687e-01
7.960494915703453245e-01
8.215969074044693343e-01
3.362122383234742440e-01
9.302548041800048351e-01
2.442222050794029542e-03
2.899645363578836621e-01
6.425894921462098619e-01
3.183636959758139318e-01
9.419564884703379715e-02
6.775023990959382347e-01
3.432906626098346514e-01
3.625437686196004705e-01
6.977691604645095413e-01
7.243158165967905626e-01
6.674118273971109128e-01
6.819739858788298470e-01
4.692251017141568781e-01
6.766379187602348244e-01
7.606842648213522073e-01
4.192419846188998322e-01
6.859570347416998892e-02
9.324552065379480004e-01
5.353801599791940813e-02
1.616453860899041972e-01
7.446151829963068014e-01
6.145497068172167676e-02
4.824617303768865550e-01
2.188161737206165691e-01
9.062171290647421662e-01
9.882781892690095660e-01
6.851905915087181942e-01
5.138557935718977010e-01
4.348344707161718725e-01
2.715533718638771798e-01
2.012667509030843238e-01
2.412302222287505682e-01
5.825734926594888785e-01
8.141139596223022634e-01
7.644126387961038827e-01
8.416671735005566424e-01
3.001958837087080889e-01
7.039768407665787375e-01
5.675490178876589908e-01
5.167556687420638006e-01
2.714835182546785353e-01
1.959903835188175902e-01
4.125633181735643973e-03
8.413274765340210681e-01
6.169245625100572283e-01
7.936205881859569322e-01
6.760141081236986649e-01
4.891558143099947742e-01
8.011254733759181068e-01
7.918430375997067561e-01
5.666866765512137416e-01
2.398226842844571882e-01
8.127714923157570714e-01
6.118235240615730319e-01
5.749532441693584461e-01
9.809953660937397180e-01
4.520749011176203869e-01
8.849110486575237911e-01
4.234750957057397125e-01
6.440845705889323147e-01
1.368973820003407393e-01
6.830433054898743528e-01
9.554287026433134766e-01
9.975503280584808730e-01
9.878773548319885744e-02
8.702457046677911645e-01
2.250588557186743444e-01
5.825353005292979169e-01
6.506273539326897781e-01
3.951371861738948166e-01
1.173429951821102213e-01
4.510072547191553705e-01
4.956629575891042805e-01
8.948951877782607145e-02
7.700528713605185871e-01
5.778170858496257667e-01
1.286272823384859709e-01
3.513703056462831320e-01
4.494140165919443541e-01
2.522537454511379895e-01
8.057596072068595738e-01
8.724996551496176922e-01
3.781322827469234538e-01
8.115824565102093269e-01
1.160175393357122386e-01
7.716069219648742372e-01
3.894485735042918506e-03
3.753825608282779225e-02
7.754284630432427550e-01
1.397861464146210597e-01
5.076631116529101151e-01
7.768799246677683401e-01
6.119284699166787078e-01
3.353655528680232756e-01
3.215062760793202523e-01
3.632863986829745206e-01
9.543059046137670753e-01
5.651722451835731187e-01
7.985693626130813128e-01
7.792000779118689602e-01
8.829449988870473609e-01
2.913479779641583445e-01
7.822312470640522264e-01
4.206669863142619148e-01
2.039220128577449165e-01
4.768062925690746967e-01
7.565365118863350835e-01
8.137657535541827913e-01
4.248114909850684295e-01
1.683304157675856727e-01
1.703205286595650403e-01
2.895656254696883369e-01
7.600555695899565700e-01
1.194996198835932555e-01
4.433858564630170918e-01
4.595725963837327122e-02
2.750745131901197738e-01
3.010705241235022145e-01
8.560079668511992868e-01
9.344957368483624016e-01
1.643819394941133938e-01
9.634160515475461706e-01
4.595185622509434520e-01
6.749395750069321354e-01
8.014301675972218542e-01
1.134327488924805616e-01
3.493179581082992424e-01
4.265376671256794205e-01
7.720919714001063250e-01
7.021038130373009611e-01
5.621640353376827770e-01
6.225111049852904976e-02
6.366368110481678277e-01
3.875342233429301952e-01
1.122359825764407404e-02
6.856687675458283948e-02
3.606974339879135405e-01
1.042385006528976366e-01
9.347838878723417899e-01
2.942409683850499835e-02
4.281003577756918865e-01
7.955439105252095633e-01
5.911930418678896793e-01
9.782796573701846299e-02
1.401052908898441363e-01
4.581603171428679788e-01
3.206068179707290966e-01
1.241128915652699449e-01
7.684643831100194111e-01
4.632917945787023983e-01
1.899517795023026867e-01
7.560604391159537752e-01
9.455535898346619783e-01
6.273757605096363932e-02
2.881784387746764153e-01
8.002823407516975740e-01
7.280698066264434942e-01
8.895322966091069317e-01
2.471697159061518878e-01
5.489509756480359659e-02
7.368821624343495635e-01
3.523329690997780705e-01
5.921684807015448193e-02
3.410406749462128184e-01
4.176740188994582104e-01
3.235965764770757369e-01
8.935215122486650507e-02
7.678890575768843041e-01
9.817222264431131329e-01
2.296503336508196602e-01
5.559655004667264366e-01
1.725000572567011448e-01
8.760268749753084006e-01
8.141762052854040199e-02
9.699758516035217326e-02
9.231754406393356538e-01
3.575324271137593213e-01
7.500385752731137945e-01
5.232308683220847634e-01
6.153462046258952878e-01
6.122228235032070032e-01
4.803148649510764479e-01
3.211629018186450413e-01
3.552962845220192234e-01
3.720279170695472981e-01
1.968154097472244457e-01
2.220295125590514562e-01
8.071325944291848353e-01
8.426147690615960473e-01
7.998185001987739851e-01
9.864946578650450881e-01
1.292267559075959138e-01
4.861009616294081903e-01
2.861368647592353875e-01
5.747603777940482050e-01
6.259989129176180001e-01
4.130163263303165966e-01
7.650187200501606943e-01
2.180866324803956147e-01
7.505557618082603355e-01
7.417071067631754167e-01
8.911627304825096019e-01
8.455354516906616880e-01
9.295835078586067723e-01
4.410438911839050791e-01
9.746392625275699384e-01
6.887631838617470637e-01
3.164518394089221864e-01
3.959180658979313261e-01
4.281273420518686423e-01
9.516389406946890173e-01
3.561644026123278461e-02
7.530921694246652809e-01
8.844853542705500837e-01
8.025768209951280596e-01
6.154973113152121256e-01
8.852550905264314762e-01
2.407778797387718495e-01
7.506889896074991908e-01
8.616003555757012489e-01
7.268453463170558848e-01
9.865029274813654769e-01
1.829659864191082175e-01
4.864897947831007263e-01
1.028607227766631382e-01
4.161615837359233794e-02
2.877489797862993193e-01
9.507639542254977538e-01
8.295857815593578044e-01
5.255265359086864763e-01
1.138628740345438706e-01
4.005152187527407648e-01
1.685053151076679745e-01
9.556834589961011872e-01
1.641939392678258836e-01
2.024656151011935412e-01
8.999393085197618936e-01
6.562844982818244466e-01
7.811532253271692428e-01
6.786092816427187202e-01
8.167319770405849777e-01
4.509515267975050534e-03
5.601163159268488512e-01
9.825929760252782863e-01
7.279742130930211275e-02
1.853538905002627413e-02
2.352078698623779607e-01
2.931713470370134189e-03
1.055272363715551442e-01
3.637616671153165449e-01
3.502805586448176633e-01
3.425962730350601282e-01
8.889757575113614863e-01
6.260318612815162220e-01
5.284879716109085468e-01
2.907668786435646524e-02
8.418588368684483125e-01
7.703881614893964835e-01
2.565167879010289420e-01
3.260652267537312854e-01
9.242309244131241552e-01
9.891669408591242663e-01
1.745321920055442622e-01
4.717640826250012465e-01
7.143902787020107725e-01
8.384485195397353152e-01
3.697312656011185750e-01
9.824884952905207358e-01
9.931012886474926971e-01
1.765336109943568266e-01
3.166989371118120733e-01
4.774083251260349270e-01
5.283040296395858926e-01
7.383024558373343371e-01
2.809959161609945077e-01
8.466441564121305330e-01
8.049250835456746023e-01
2.120853008399892214e-01
8.364917947951280297e-01
7.251490143606054151e-01
3.274140942264320842e-01
5.502070379711515580e-01
7.018531514193767640e-01
6.262787595431923426e-01
1.339104435927572778e-01
1.363594925958506732e-01
9.011384501613909359e-01
6.838089693845245121e-01
4.922895573715234674e-01
1.910692637893148804e-01
7.396131428626000481e-01
9.936456859605315994e-01
9.617269048193544112e-02
1.305017058266922936e-01
