3.093391885188960799e-01
3.153260091559943468e-01
5.922332253166192606e-01
2.314413518964439920e-01
4.700953789683239847e-01
5.902839228195060350e-01
1.352876594007310918e-01
6.533871382394687011e-01
3.809673385102589904e-01
4.240837478843686448e-01
9.613699681453860002e-01
3.788980024561461324e-01
4.677311727836233057e-01
4.848101561547319971e-01
6.636932025460073881e-01
4.321008049280453123e-01
3.998865782198620655e-01
2.036803532774742465e-01
7.881207377342371034e-02
3.634671828561543139e-01
0.000000000000000000e+00
5.301966958380717188e-01
5.452688419582619739e-01
0.000000000000000000e+00
2.622395012334126640e-01
5.842941726095576271e-01
0.000000000000000000e+00
0.000000000000000000e+00
5.598145136827565871e-01
6.459025603870099941e-01
7.248803138012656078e-01
4.165996874578836717e-01
3.424598132156662089e-01
4.975843910586519314e-01
5.922109918096825076e-01
8.077724780948916106e-01
5.061479635652228470e-01
2.083461447312018322e-01
4.670819781969010043e-01
4.541159848715579095e-01
2.893103691265235256e-01
3.463169716631715467e-01
7.049596119892700963e-02
5.133927162857239157e-01
0.000000000000000000e+00
5.239381878453703845e-01
3.853458544956926968e-01
8.146266249501209478e-01
2.355627262819077750e-01
7.165220381006789374e-01
7.287110283202342664e-01
2.261805328093832723e-01
5.573560787460687393e-01
3.744300990024878040e-01
6.946629494649711467e-02
4.637466994605727866e-01
5.846689540576246458e-01
3.197460751302193538e-01
3.650416364439386108e-01
0.000000000000000000e+00
0.000000000000000000e+00
1.352199756078850124e-01
1.343852359189266488e-01
1.954712670367300120e-01
4.845551158730849739e-01
5.797929016089931054e-01
3.356684371164613268e-01
2.531513275826617337e-01
7.568744386050603457e-02
3.837383925741706392e-01
3.799321698398765990e-01
5.562019741014285756e-01
6.162886384818124785e-01
6.532778838279164058e-01
6.455813347568637450e-01
5.608134324887010802e-01
1.841172613852626594e-01
7.915803479641272400e-01
1.186436748090815563e-01
6.145357722307347448e-01
5.684317154512091852e-01
4.231816689887835103e-01
2.049625959719894586e-01
0.000000000000000000e+00
5.743946803147954583e-01
4.455307250246497430e-01
3.418567366353083559e-01
4.918070971743682129e-01
1.000000000000000000e+00
5.649057396785970298e-01
4.329394482721893311e-01
2.819009482195760086e-01
2.925849785556469129e-01
5.424473648951814164e-01
6.765164717437377462e-01
4.587874103336508913e-01
4.469359104676299821e-01
5.297738337454558355e-01
8.041898210391797142e-02
4.270871108181688580e-01
0.000000000000000000e+00
3.735721864841569095e-01
3.467315959200663045e-01
4.358692056506087154e-01
6.053459606853133224e-01
7.231855314471788976e-01
2.928521102790394570e-01
7.881228855807131950e-01
8.883132006997123131e-01
1.997030091419180475e-01
2.174740131972403567e-01
2.982167125039660305e-01
5.835214816650453606e-01
0.000000000000000000e+00
6.110824953003893834e-01
2.926604883094650056e-01
4.186309674784890467e-01
9.281834754537294785e-01
6.910769651248822587e-01
4.577027054403488560e-01
2.972419885496389025e-01
6.462503921035562815e-01
3.766531485519271083e-01
1.539462919267866603e-01
5.406424440303552181e-01
2.856602119556859165e-01
5.498792268018921625e-01
8.155381093867484221e-01
6.504082241334228076e-01
6.754202986392940922e-01
3.939269658304824229e-01
3.591899994742866475e-01
0.000000000000000000e+00
4.807965020240039244e-01
1.667035488261300324e-01
4.666617111466531131e-01
3.573800817818852948e-01
3.462791471619365291e-01
6.996678097802657703e-01
4.628683349824953552e-01
7.652889421013129301e-01
2.027419632087365531e-01
4.832146137537005615e-01
5.623055193829471499e-01
1.062084699626630879e-01
4.909689810998862924e-01
5.712043499686529913e-01
7.369497590184376223e-01
3.851228375212045751e-01
3.640560435172406351e-01
3.502390932187393613e-01
6.485213900420366828e-02
4.623581357122814595e-01
7.322428835378871348e-01
0.000000000000000000e+00
4.660206212105069135e-01
6.382458516189191133e-01
3.702069015123659046e-01
7.460234440856600147e-01
5.164010415411848243e-01
1.000000000000000222e+00
3.527914362658863823e-01
4.924282653775717833e-01
6.839397074217731243e-01
4.690978956317537474e-01
4.675362278091661494e-01
5.928307055991910435e-01
5.180218783248493608e-01
4.776590079567655245e-01
2.664244323183776464e-01
4.504848216805549255e-01
3.778284894355947721e-01
1.910024532739846292e-01
1.265882834488440412e-01
5.572005315240922130e-01
5.013721038829990206e-01
6.427109889703368495e-01
5.285022807142421009e-01
3.335773669829297239e-01
9.241250323490070306e-02
9.999999999999998890e-01
4.026595767454299590e-01
6.189293057244367180e-01
2.855479691555269373e-01
7.124250185768224997e-01
6.535925858056650384e-01
1.106414823838253042e-01
0.000000000000000000e+00
7.391747772890895352e-01
5.771231100132235836e-01
1.015068289700156307e-01
3.495435788440754976e-01
7.174445887338418704e-01
1.873667694507870074e-01
6.223251255045183505e-01
4.062801272509242168e-01
2.496303559085777113e-01
6.684743887061816991e-01
0.000000000000000000e+00
5.676293818613986630e-01
4.208647837266778491e-01
3.708425606214367787e-01
5.910857668290518951e-01
3.110808098043813530e-01
8.607467052841576427e-01
8.512239198257161021e-01
3.129348921424139895e-01
3.779625744570336843e-01
2.848544112711352549e-01
3.915809391430581932e-01
3.956833926836245130e-01
9.624270351384534017e-01
6.500931762070072395e-01
0.000000000000000000e+00
6.353206374823523461e-01
2.717947704106764562e-01
1.560927562404348379e-01
7.225350773569065854e-01
1.484789356595249410e-01
0.000000000000000000e+00
5.876507648216700019e-01
5.294605480981248169e-01
8.401790440171952312e-01
7.124978218653557072e-01
4.237786566586465575e-01
6.932799822461921391e-01
2.683379695726856862e-01
9.324410526387329201e-02
6.012707414664711925e-01
6.280455475411618194e-01
4.531898312661444272e-01
4.331874737804440878e-01
7.280146160818097290e-01
2.171409211168031650e-01
7.194858799057453069e-01
4.928833060850236480e-02
2.427043559783167437e-01
4.163901925798145776e-01
6.092466615136349350e-01
7.716400160903896799e-01
8.489108695282516770e-01
4.638307021574306077e-01
1.069442298245535383e-01
2.455648410173951746e-01
8.444106175394994196e-01
3.821193797377810952e-01
5.234405881970927155e-01
8.001286974618393444e-02
6.996417405029604630e-01
7.377588279560994833e-01
4.578044009230223255e-01
6.456790311172566632e-01
6.390969983789194231e-01
5.603655966035047536e-02
6.280560069896548581e-02
1.523386625328734256e-01
0.000000000000000000e+00
4.968140906397899847e-01
6.557358077371644445e-01
5.317928137969859526e-01
8.313770024837526806e-01
2.141348187453950835e-01
6.789252237908693921e-01
3.529980776806511678e-01
4.653698941724098148e-01
7.260491003044433622e-01
1.444308568024292860e-01
5.020911585835854396e-01
4.113056154220009475e-01
7.604977464869744352e-01
9.216478389259079584e-01
2.981699704982517796e-01
7.715200330225806535e-01
4.257022602195525973e-01
8.642157083557158170e-01
2.633033249203000636e-01
1.338601333610498489e-01
6.496422690472081207e-01
4.609543364827688450e-01
0.000000000000000000e+00
6.103921040356021788e-01
1.561876221791336228e-01
3.035795986239746558e-01
3.306209218690265295e-01
3.879246482621052650e-01
7.726014887072940596e-01
6.183802408755139091e-01
6.157003182553392184e-01
0.000000000000000000e+00
2.414091367532348598e-01
5.420905429582603130e-01
0.000000000000000000e+00
1.962542622921108482e-01
3.373029782857134840e-01
5.388425859547800734e-01
2.770591606288961284e-01
5.642971044445855844e-01
5.797487498087474656e-01
4.505037656994084205e-01
2.620733949189566481e-01
